1  7646U 75010A   17091.88708115 -.00000156 +00000-0 -89672-5 0  9993
2  7646 049.8235 059.5017 0205735 112.7763 249.5009 13.82302233129314
1  7646U 75010A   17092.68231877 -.00000153 +00000-0 -60822-5 0  9991
2  7646 049.8237 056.3628 0205737 115.4028 246.8316 13.82302235129420
1  7646U 75010A   17093.91132057 -.00000149 +00000-0 -35935-5 0  9990
2  7646 049.8240 051.5118 0205738 119.4646 242.6944 13.82302223129592
1  7646U 75010A   17094.92343799 -.00000160 +00000-0 -12098-4 0  9996
2  7646 049.8248 047.5164 0205737 122.8071 239.2820 13.82302235129739
1  7646U 75010A   17095.93555423 -.00000149 +00000-0 -30882-5 0  9996
2  7646 049.8244 043.5222 0205742 126.1544 235.8577 13.82302225129879
1  7646U 75010A   17096.94766905 -.00000151 +00000-0 -50721-5 0  9994
2  7646 049.8246 039.5275 0205740 129.4986 232.4299 13.82302214130018
1  7646U 75010A   17097.88748881 -.00000157 +00000-0 -99322-5 0  9997
2  7646 049.8247 035.8181 0205739 132.6033 229.2417 13.82302192130135
